,1870.0,1880.0,1890.0,1900.0,1910.0,1920.0,1930.0,1940.0,1950.0,1960.0,1970.0,1980.0,1990.0,2000.0,2010.0
Albania,,,,,,0.7070671174572958,0.7594623883812905,0.3182859425183354,0.6652011515333001,0.20578287867034692,0.02911503812866491,-0.2210948029146096,-0.24817602065360683,,
Algeria,,,,,,,,1.3128685240662346,1.3690138149762285,1.0568893907262602,1.0648500893762594,1.4819643053862168,0.9764237654362683,,
Andorra,,,,,,,,0.12709127210235494,-0.09232420337882272,-0.05769736117369624,-0.18678867420161308,-0.04143915273742789,,,
Argentina,,,,,0.7306202782722934,0.7773477704662886,0.742749705867292,-0.01664898963823042,0.24783837648334264,-0.04911217250582712,0.31679101317533553,0.20007045435834747,-0.1052961226799214,,
Armenia,,,,,,0.37843778457032945,0.56757353754831,-0.09687549014622225,-0.17617991509261416,-0.2484844613836068,-0.28802248615460274,-0.3602337911935954,-0.6471728466845662,,
Australia,,,,,0.33805098465833355,0.44919950111732204,-0.31295575929260017,-0.639425386374567,-1.2479065004835048,-1.1456441009835152,-1.0215276250905279,-1.0990638716435202,-1.5062219690534786,,
Austria,,,,,-0.2004426011226117,-0.28977913897760255,-0.6538812122185655,-1.249434598273505,-1.4157346192634876,-1.6310033627334657,-1.4534847890434839,-1.8387433403234446,,,
Azerbaijan,,,,,,,-0.8288687245845476,-0.7341999280695574,-1.3500243461634944,-1.0626543546615237,-1.403118054703489,-1.5230120639834768,-1.7038011337534582,,
Bahrain,,,,,,,,,-0.49911373731758135,-0.1935153462786124,-0.28829106446560276,-0.23002897498960867,-0.22030350446660965,,
Bangladesh,,,,,,,-1.2351698502835062,-1.3859494473634908,-1.2895175013835005,-1.5622325982534728,-1.316634194143498,-1.275953450783502,,,
Belarus,,,,,,1.0073163112662653,0.7624774468762902,0.4742177797443195,0.19528803341134798,-0.018858767183930196,-0.2827328619456033,-0.4095099424595904,-0.6535279477915655,,
Belgium,,,,,0.9763700060562684,0.8076919177042856,0.6054029845063061,0.3178290526423355,-0.14615156598921722,-0.021683053681329906,0.17997644908534954,-0.0471678468940273,,,
Bosnia,,,,,,,0.48917360972631796,0.2237292082213451,0.1445845197913532,-0.07047389209430492,-0.33466134819859805,-0.22409310074860928,,,
Brazil,,,,,,,1.409699911336224,1.1422028009662517,1.0360068351162623,0.8805015725082781,0.9640064884162696,0.7991763938442863,0.7859771584112877,,
Bulgaria,,,,,0.16636651649735093,-0.2309144723126086,-0.5973681428165712,-0.7622906248665544,-1.2214311798335076,-1.3800251285634915,-1.7004029222034587,-1.7294232713434556,,,
Burkina Faso,,,,,,,,1.264753032246239,1.6019396646962047,1.7800056648061866,1.7781596244161868,1.7225169204161923,1.2760931724962379,,
Canada,,,,,0.5291880776263139,0.36780494287033044,-0.2431861035666074,-0.7772702438645529,-0.9900305679035313,-0.9720949584145331,-0.8872407425995418,-1.0160777268105285,,,
Chile,,,,,1.215546702616244,0.9507475322662708,0.793770830801287,0.636682679129303,0.4812493228273188,0.4416162783473228,0.1885321857793487,0.2286820194543446,-0.10029681324742189,,
China,,,,,,-0.7106380325635597,-0.6877243899875621,-1.0064907002435295,-1.178414975083512,-1.4313287161434862,-1.6148151123134675,-1.825957065413446,-1.9506107200034333,,
Colombia,,,,,,,1.6691160390961979,1.3220604555962332,1.2334333127262422,1.380249004736227,1.343898823196231,1.3855714360062266,1.2700664467462386,,
Croatia,,,,,,1.1243817442162534,0.6530142207883013,0.10530254357435716,-0.13113446061361875,-0.2384892211096078,-0.5036844868485808,0.20170322603134733,,,
Cyprus (G),,,,,,0.8212876358252841,0.6666029383432999,0.3053515641033367,0.3407773158013331,-0.19476102172061227,0.022066335204565635,0.13559935600935405,0.1321364547463544,,
Cyprus (T),,,,,,,,,0.499491790764317,0.4422389403263228,0.4353444797083235,0.12726351908635491,,,
Czech Rep.,,,,,0.07099729610636064,-0.10363011290062156,-0.3462303429025968,-0.7109151032505597,-1.0092078409925294,-0.9677397808025335,-0.8384801647865466,-1.1070047993735193,,,
Denmark,,,,,-0.7449521684885563,-0.6094910403195699,-1.2597982025335037,-1.7487507770834538,-1.772841190053451,-1.805123255873448,-1.8264220669034459,-1.9662271927134318,,,
Dominican Rep.,,,,,,,,,0.42935032411432417,0.8660101884592796,0.7944748970492869,,,,
Ecuador,,,,,,,,0.8479159702652814,1.2607650286162395,1.3001742726262353,1.0838321868762577,1.3107790515762343,1.1596521213662498,,
Egypt,,,,,,0.6198268789923046,0.6967736028382969,0.5860807913233081,0.6718469232892993,0.7083702704022956,0.5808104672073087,0.6405056484773026,0.6722932601662993,,
El Salvador,,,,,,,1.74542981530619,1.6259409621162026,1.5352878770162115,1.6845288138061962,1.4902375038062161,1.2406511649562417,,,
Estonia,,,,,,0.6383450615823028,0.29112587988733823,-0.2453846855746071,-0.5144326382085798,-0.4958510627775816,-0.6645615878525645,-0.6648587524735644,-1.176437018693512,,
Ethiopia,,,,,,,,,0.1764533815053499,-0.590150118298572,-0.825984741185548,-1.0449048026645256,-0.5849117210655725,,
Finland,,,,,,0.008321475672967036,-0.5597598438755751,-1.1426732032435156,-1.0985934991235202,-1.0276218137315274,-1.2032503652835094,-1.4712326496734822,,,
France,,,,,,1.209662607696245,0.9869798079262672,0.361734692669331,0.20660582917734682,0.2336217386283441,0.36824273325433043,-0.07820236292132415,,,
Georgia,,,,,,-0.2727041186116043,-0.44605460596858665,-0.5970462296325714,-0.5575698427885754,-0.9245782311355378,-0.6938616120485614,-0.9437044361585359,-1.0352899125785266,,
Germany,,,,-0.44874993213058634,-0.5939396966935716,-0.8397373728165465,-1.2044367480335092,-1.7119392817234576,-1.9638105891534319,-2.1161552244734168,-2.060393170893422,-2.4247599152933854,-2.7047420899733563,,
Ghana,,,,,,,,1.4776384535462175,1.5856220954662064,1.5066218608362143,1.4435183338762207,1.3518725834562302,1.8014057672661843,,
Great Britain,,,,,0.9763335432962682,0.9660075572862694,0.676485124519299,0.136254803521354,-0.07941263252062403,-0.0718005958727748,-0.16983539199561482,-0.2141041411886103,,,
Greece,,,,,,-0.058201876274466186,-0.13672568201701818,-0.6665486628825642,-0.9579980761615345,-1.4253891633434863,-1.4462619779434844,-1.6733100505234615,,,
Guatemala,,,,,,,,1.15647636054625,1.4351822266862215,0.8258240725412836,0.8853028743212776,1.3181192391862335,,,
Hong Kong,,,,,,,-0.6968110032325611,-0.7432583612425564,-0.7412966702045566,-0.7025713918385605,-0.8373223707705468,-0.6132361375355696,-0.8319150937235473,,
Hungary,,,,,0.2454337524323429,0.2955817810183378,-0.12012764318861988,-0.688461871251562,-1.0027528449005298,-0.6507653542305659,-0.8700272006955434,-1.1137733365535187,-1.1677744451435128,,
Iceland,,,,,,-1.2002004929135097,-1.2440327964335052,-1.4938499434234798,-1.470253965043482,-1.520373155283477,-1.4793062215434813,-1.48921734575348,,,
India,,,,,,0.6907254340622974,0.6056227476933062,0.734223088316293,0.5228850720313145,0.42206790603332484,0.342238630790333,0.29984669656833735,0.2304958739633444,,
Indonesia,,,,,,,-0.49250554831858195,-0.560801029867575,-0.5258342870225785,-0.571288533262574,-0.5373289307075774,-0.6336672793945676,,,
Iran,,,,,,,0.22373013522134508,0.22833819352634463,-0.13772985971951807,-0.128841195278819,-0.2797755015336036,-0.3772982991065937,,,
Iraq,,,,,,,2.3757726367961256,2.102550647436153,2.077388392916156,2.03793189307616,2.098897849516154,1.9451670403761696,1.8473494280561797,,
Ireland,,,,,1.1832222152062475,1.1972527257362457,0.6354808820873031,0.2951988434983378,0.08912139342035878,-0.059980472644856,0.011741880912066679,-0.47839981646258334,,,
Israel,,,,,,-0.619591095778569,-0.7135340022925594,-1.3169011621534978,-1.5308986386434758,-1.2315047239935064,-1.344201593223495,-1.00279540531453,,,
Italy,,,,,1.0828258447162575,1.0735144132962584,0.5997793824963067,0.06571278569336118,-0.34168859414359737,-0.5229177945115788,-0.32428157449759903,-0.7357774351495572,,,
Japan,,,,,,-1.9274071988134356,-2.2509020126134027,-2.37717568062339,-2.4011150763333875,-2.4546642313233824,-2.37886408051339,-2.563950839883371,-2.708460707603356,,
Jordan,,,,,,,1.538206002976211,1.361976044386229,1.2949368299462363,1.1425190154062517,1.0531308436962608,1.0326963121262627,0.8541973365452808,,
Kazakhstan,,,,,,,,0.6436694223973023,0.1343729449513542,0.0312677164013647,-0.5551677850495755,-0.5033367805095809,-0.4448076092675867,,
Kosovo,,,,,,,-0.043754236518127654,-0.5291157480365781,-0.5472482864495763,-0.4054987294635908,-0.4583845376245854,-0.6070783819265703,,,
Kuwait,,,,,,,,,0.9035801685342758,0.44438967587432254,0.9978950426762659,0.7961268567242867,0.969318821406269,,
Kyrgyzstan,,,,,,,-0.1590229681515159,-0.41801596902858956,-0.5477064943665763,-0.776889783296553,-0.6129931658425697,-0.6673672488405641,-1.0239230348305277,,
Latvia,,,,,,-0.7051209786315603,-0.8868466142175417,-0.9947460090425307,-1.1777199819635118,-1.326283231303497,-1.3473197171534947,-1.4151660948734879,,,
Lebanon,,,,,,,,,-0.2473907967716069,-0.2816352965126034,-0.048653792285627155,-0.26635588602260496,-0.1218181467899197,,
Libya,,,,,,,,1.590576531786206,1.1581550977562498,1.079096044596258,1.1253550219162534,1.0869241654562571,1.1305122262562528,,
Lithuania,,,,,,-0.5839425472045726,-0.8913348609905414,-1.2314502799335065,-1.538917651533475,-1.5356222591434754,-1.6677787096834618,-1.7390869373734548,,,
Luxembourg,,,,,,0.17606078207534995,0.24863080853134256,-0.34896027790959655,-0.7508416246555556,-0.855633327977545,-0.5855210470485724,-0.7367287489325571,,,
Macedonia,,,,,,,-0.7611263627915545,-0.9385533295635365,-0.8703075201285434,-0.9853338213445316,-0.8738697440195431,-0.9301468084695373,,,
Malaysia,,,,,,,,-1.1660171955035132,-1.2469618380835048,-1.2311942221835064,-1.2708212424635026,-1.1250659029035175,-1.4689868744034822,,
Mali,,,,,,,,0.6183940578203049,0.6727434402852993,0.45331918794132164,0.9812551351962677,1.15852682195625,,,
Malta,,,,,,1.0533099182862606,1.0667615928162593,0.9735170458562686,0.7092677986702955,0.7788010177342884,0.7561628507352908,0.7423067942362922,,,
Mexico,,,,,,1.0922999280862566,1.0785611389062582,0.8703479044682791,0.6226399300183044,0.4542198912503216,0.6330381674483034,0.5005869536313168,0.3828002387363288,,
Moldova,,,,,,0.5616290063133106,0.6756508558662989,0.2096656956133465,-0.1158770613290203,-0.04256636391802778,-0.39241252593059217,-0.31851891822659967,,,
Morocco,,,,,,,,1.0821971561662578,0.7972563058472867,0.6258000306353042,0.4651878501393204,0.5536551816763114,0.1884660585343487,,
Netherlands,,,,,,-0.061388807386205856,-0.2898846565336026,-0.7402205462065566,-0.8816591661095423,-0.6129005072085696,-0.07268276970579471,-0.3102776995626005,-0.5018781647355809,,
New Zealand,,,,,,0.06115717595836166,-0.38626887066559273,-0.8424469399195463,-1.2021526781935095,-0.9996610992585302,-1.1461605499435152,-1.1841883141935112,,,
Nigeria,,,,,,,1.9292879554261713,1.8566621647861787,1.7909417233261855,1.9082575646961735,1.728710348876192,1.7426474024361907,1.7682164648461878,,
North Ireland,,,,,,1.1553670908962503,0.9790531203162682,0.7726090067262892,0.7715322729622892,0.2876323744153386,0.7767285145562888,0.6286048217233038,,,
Norway,,,,,-0.6934120928765615,-0.8408364702935464,-1.1704950764835127,-1.5833467139034707,-1.746812434693454,-1.7622532160334523,-1.7511402357834536,-1.9965269717334286,,,
Pakistan,,,,,,,2.2213001517961413,1.7603344032461885,1.5022603451762147,0.5662490844133101,0.02704950771866513,0.0648478628023613,-0.6416230629085667,,
Palestine,,,,,,,,,1.496087316176215,0.7225598070312942,0.8589963486872803,0.6586509535593007,0.4686389563073201,,
Peru,,,,,,,1.4147882565662238,1.5584429858162092,1.2392367647462417,1.176409757296248,1.1909446574062466,1.2610634500162394,1.1467248867462512,,
Philippines,,,,,,,-0.25294562036360635,-0.033347837668928716,-0.11758146311472012,-0.2568603545486059,-0.13377951594631848,-0.3237536346915991,-0.22195604655460952,,
Poland,,,,,1.638253150646201,1.391828703496226,1.1879702743362468,0.8257044775622837,0.6318470274993034,0.6469975348673019,0.2778669990453396,0.04471991611136333,0.03158292367176467,,
Portugal,,,,,1.3543474403862297,1.3172641950462336,1.273992881426238,0.8284408147132835,0.7809734165122882,0.528555584227314,0.13957100982235365,0.12335402260935532,,,
Puerto Rico,,,,,,1.2236438338962432,1.282077698856238,1.1527437170362504,0.8791947092542782,0.8947965792642767,0.7603488078062903,,,,
Qatar,,,,,,,,,1.4423542354262209,0.5906663013083077,1.0640506626062596,1.1589950052862499,1.412060148616224,,
Romania,,,,,,0.3656191410463306,-0.027837932173729277,-0.09014739385792293,-0.3353756782745979,-0.6367446938225673,-0.7137972600905594,-0.7062259534855602,-0.9988643119485303,,
Russia,,,,,1.414346735616224,1.1229134659662536,0.6429752477963023,0.1422167288963534,-0.0020642787251318995,-0.25784163335260585,-0.5230312040345788,-0.7145216102865594,-1.1506983332035148,,
Rwanda,,,,,,,,1.1939617862562464,1.0532677993862607,1.5068802938962143,1.15892020241625,1.35246765053623,1.6623075418661988,,
Saudi Arabia,,,,,,,,0.7083479816392957,0.5902675624733077,0.11609175641235604,0.0615703745303616,0.18266601214234926,,,
Serbia and Montenegro,,,,,,0.5642300197803104,0.5136164411933156,-0.1318025037724187,-0.33256550173459815,-0.6129230619305696,-0.7720716363975534,-0.8177229017095488,,,
Singapore,,,,,,,-0.016742423649930407,-0.26120734524760547,-0.61004965537657,-0.6906599606865618,-0.826085940653548,-0.8689954776465435,-1.0287293983765273,,
Slovakia,,,,,0.7852874567282878,0.5742481629803093,0.14724355302335287,-0.14060649505471778,-0.36807651148259457,-0.4475955365945865,-0.47709850083558347,-0.787569637802552,,,
Slovenia,,,,,,-0.37935180633359356,-0.530467710310578,-1.0487391208335253,-1.2583970843735037,-1.3830458607634912,-1.2041631510635094,-1.3411602863534953,,,
South Africa,,,,,0.46822955125132015,0.43992267849632305,0.37530231185932966,0.20489888448034702,0.2754354202823398,0.3796195446193292,0.2705238491253403,0.25631381104534173,0.14877074284335273,,
South Korea,,,,,,-0.5005143880505811,-0.7702676133755537,-1.029760611846527,-1.4881469851134803,-1.6442617358934644,-1.5661629378034725,-2.045714298633424,-2.260918933633402,,
Spain,,,,1.6929743448661954,1.4384749912962214,1.3065559514762348,1.1704416415462486,0.7028803833642963,0.2317608058783443,0.09687301301535801,0.1527803200903523,-0.13404104530491845,-0.3868652064215927,,
Sweden,,,,,,-0.530699043827578,-0.8475867197325457,-1.2249499462035072,-1.3976123855734894,-1.2922860836335004,-1.081143124383522,-1.264772761973503,-1.2726407043535022,,
Switzerland,,,,,0.322966992091335,0.1242960674563552,-0.3386952409745976,-0.6733169806235635,-0.8142224403285493,-0.9145258910445389,-1.0299169232875272,-1.2190032607135077,,,
Taiwan,,,,,,,-0.3858919655055928,-0.8185952791835488,-1.2865019672535007,-1.5355316692134755,-1.5707760737834717,-1.7942427330434492,-2.0450854664034237,,
Tanzania,,,,,,,1.1780262758062479,0.8685640529422793,0.9955412802662665,0.8279999882332836,1.0014822513362658,0.970995101546269,,,
Thailand,,,,,,,0.45328447971832164,0.17428851173435012,0.07566379515436017,0.361561807740331,0.15411653482035217,0.31935966201233534,-0.27586777853560407,,
Trinidad and Tobago,,,,,,,1.620242012476203,1.3200771803562334,0.9266915510822734,1.0536084917562605,0.9708157473262689,0.8578565786142803,0.36986564526333016,,
Tunisia,,,,,,,,0.7686581994002895,-0.002916560856631828,0.05499400129936227,0.04891997107236289,-0.06042045326973596,-0.6930772650315615,,
Turkey,,,,,,0.988777439076267,1.1219178162862535,0.8813591724392781,0.7962355954982866,0.6830175526422982,0.6225580458943043,0.5030483176943166,0.45755095798632117,,
Uganda,,,,,,,,,1.5638176633362086,1.3657936018862287,1.3110468897162344,1.7000061494661949,,,
Ukraine,,,,,1.6323801067462016,1.2808345208862375,1.0880273804662572,0.5639591281793104,0.36257678134733096,0.16801135400835077,0.10732798220635695,-0.3290074867625986,-0.6227698121765687,,
United States,,,,0.11155496825135651,0.13548533121535405,-0.03620726898192843,-0.3126186053226002,-0.4989298794775813,-0.5152500402375796,-0.6613258849165647,-0.3480060490105967,-0.6082287784565702,-0.7794074945035527,,
Uruguay,,,,,,0.2868885404693386,0.05497612824036228,0.06868238754136088,-0.34282069562159717,-0.3472491926315967,-0.29758739349460184,-0.20280493473061142,-0.4107329164845903,,
Uzbekistan,,,,,,,-1.215685411593508,-0.6658793474055643,-1.022048076127528,-1.0568673328975244,-1.254986864943504,-1.3498249149134944,-1.3631985548334928,,
Venezuela,,,,,,,1.3616972318662293,0.9356164105162725,0.8328064922552829,0.7206578161412943,0.7815134926852882,0.597403486803307,,,
Viet Nam,,,,,,,-0.6144384988825695,-0.6108242260115698,-0.31742709842559974,-0.6260200128505683,-0.5334881911195777,-0.5591687742415752,,,
Yemen,,,,,,,,,2.0827062269461556,2.057816563376158,1.05750781079626,1.5566144891062093,1.84639877332618,,
Zambia,,,,,,,,,0.8600602992572801,0.5041197420453164,0.655638127711301,0.6995312591352966,0.7659844733812898,,
Zimbabwe,,,,,,,,1.4078417853062246,1.5485148403462101,1.3591249079862293,1.198833372736246,1.05783922737626,0.8257174911522837,,
