country,1870,1880,1890,1900,1910,1920,1930,1940,1950,1960,1970,1980,1990,2000,2010
Albania,,,,,-0.6060823990205079,0.13767144203792495,-0.26128008736828223,-0.4032256891529449,-0.3254909979316948,-0.6060823990205079,-0.5925586183626703,-0.5925586183626703,0.1984743598755624,-0.5689190497727703,-0.6050004965678808
Algeria,,,,,,,,,,-0.2229086137151111,-0.5925586183626703,-0.5046540440867263,0.8847791806995013,0.19858255012082512,-0.3231649076585467
Andorra,,,,,,,,,,,-0.6060823990205079,-0.5925586183626703,-0.6060823990205079,-0.6060823990205079,-0.6060823990205079
Argentina,,,,,0.4758200536064944,-0.4236736455075952,0.4487183971681881,0.06158665205693097,2.304884340017704,2.355517374800648,3.041822195624587,0.2729092486163002,-0.06523936295226941,-0.13615806872196934,-0.5604621789347359
Armenia,,,,,,,,,,,,,-0.15391479272571007,-0.5689190497727703,-0.60590208194507
Australia,,,,,-0.6060823990205079,-0.5588032618407077,-0.5553952691149328,-0.4878845560710078,-0.5756809401016889,-0.5148780222640515,-0.4945382561546639,-0.545225386060239,-0.5857967280337515,-0.5892047207595266,-0.4145856649055284
Austria,,,,,0.746295666763245,0.019203123475268195,0.7249957122271509,,,-0.5418714884570952,-0.5790348377048328,-0.5655110570469952,-0.5824428304306077,-0.4945382561546639,-0.6060823990205079
Azerbaijan,,,,,,,,,,,,,0.4715600626992757,-0.5553952691149328,-0.481122665742089
Bahrain,,,,,,,,,,,-0.6060823990205079,-0.5046540440867263,-0.5317557005250327,-0.5824428304306077,0.5208993224659527
Bangladesh,,,,,,,,,,,0.006612483682821409,0.14437923724421228,0.3236504736445066,-0.05842337750071927,0.10508814650630838
Belarus,,,,,,,,,,,,,-0.5680805753719843,-0.5520413715117891,-0.5251200321489204
Belgium,,,,,-0.6060823990205079,-0.5080620368125014,-0.3019055244644261,-0.3441267676781949,-0.13621216384460072,-0.16672181300868216,-0.3998717915498012,-0.46072880451007,-0.4844224682226014,-0.545225386060239,-0.4481246409369655
Bosnia,,,,,,,,,,,,,0.18843971462744696,-0.6060823990205079,-0.6060823990205079
Brazil,,,,,-0.6060823990205079,0.08363041452920612,0.874663392767439,0.7377756849488074,0.8375541386423325,1.5880157749070527,0.26614735828738145,-0.2984975317386511,-0.2882735535613259,-0.40327978427557626,-0.3693260789706321
Bulgaria,,,,,-0.6060823990205079,0.6548749095162634,0.07670623883239333,0.374391698672713,-0.3626543471794323,-0.5317557005250327,-0.6060823990205079,-0.4099875794818637,-0.14632795177666322,-0.5182319198671952,-0.6055414477941943
Burkina Faso,,,,,,,,,,,,0.09264626830109786,-0.3424227713153073,-0.5824428304306077,-0.6050004965678808
Canada,,,,,-0.2344489065431325,-0.5452794811828703,-0.4370892359201701,-0.43717037860411706,-0.5621571594438515,-0.2308786284494634,-0.17672941069548195,-0.545225386060239,-0.4911843585515202,-0.5385175908539516,-0.19982802805906846
Chile,,,,,-0.6060823990205079,-0.11246440500943804,0.5299151762378446,0.7715851365934012,-0.3390147785895323,-0.1869533888728072,0.94563619365977,0.4046849673462691,-0.3254909979316948,-0.5384634957313201,-0.209024198906398
China,,,,,-0.6060823990205079,3.1635362215451246,2.2101637802902103,1.8703923150427,1.094397780895983,0.5096295052510883,0.029481196775224722,-0.2646339849714259,-0.11592649285784445,-0.04149160411710665,1.300049405432832
Colombia,,,,,-0.6060823990205079,-0.5080620368125014,-0.3864562011372264,1.3885400102039491,0.9829077331527704,0.3607597277696128,0.2153520381365437,0.8848873709447639,1.8483215050091093,3.3596310410837686,0.8611576438171449
Croatia,,,,,,,,,,,,,-0.3145096880375307,-0.5857967280337515,-0.6060823990205079
Cyprus (G),,,,,,,,,,,,-0.6060823990205079,-0.5824428304306077,-0.6060823990205079,-0.6060823990205079
Cyprus (T),,,,,,,,,,,,-0.6060823990205079,-0.5824428304306077,-0.6060823990205079,-0.6060823990205079
Czech Rep.,,,,,,,,,,,,,-0.5867627123664542,-0.5519872763891577,-0.5835427645907786
Denmark,,,,,-0.6060823990205079,-0.5621571594438515,-0.5588032618407077,-0.4032256891529449,-0.5553952691149328,-0.5655110570469952,-0.5283477077992577,-0.5553952691149328,-0.5520413715117891,-0.5689190497727703,-0.6060823990205079
Dominican Rep.,,,,,,-0.6060823990205079,-0.3627084423020637,-0.35251151168605416,-0.4303273455912513,0.5568545473082571,0.2052362502044812,-0.34583076404108243,-0.24094032125889456,-0.4912384536741515,-0.5236774955454178
Ecuador,,,,,-0.6060823990205079,-0.3694703326309825,0.6921464490092636,1.9294912365174504,-0.1429740541735195,0.11733167592853724,0.19517455739505007,-0.11587239773521305,-0.024613925856125398,-0.004382349992000525,-0.2229086137151111
Egypt,,,,,,,,,0.8273301604650076,,-0.05773817261405557,-0.2816198534776699,0.12073966865431225,-0.5013001464835827,1.0926847686793235
El Salvador,,,,,-0.6060823990205079,-0.6060823990205079,-0.3728242302341261,0.05306667024249332,-0.4911302634288888,-0.27139587530034465,0.4250247334556567,2.2811906763051732,-0.011090145198287866,-0.5588032618407077,-0.6060823990205079
Estonia,,,,,-0.6060823990205079,-0.3761781278372697,-0.3220830052059197,,,,,,-0.6060823990205079,-0.5689190497727703,-0.6060823990205079
Ethiopia,,,,,,,,-0.268123120381148,-0.3694703326309825,-0.05836928237808792,2.166238540713554,1.1133697131902631,,,-0.5379225445050067
Finland,,,,,0.746295666763245,-0.5722729473759139,-0.3593004495762886,-0.1750795094552258,-0.3897019084951074,-0.5080620368125014,-0.5114159344156451,-0.6060823990205079,-0.599320508691589,-0.6060823990205079,-0.5498234714839036
France,,,,,-0.09921109996475726,-0.0009743572662254932,0.6345892385295071,2.5887755435870297,1.0605342341287578,1.496757303027965,0.4283245359361691,-0.2815116632324071,-0.13615806872196934,-0.2816198534776699,-0.3130671514340281
Georgia,,,,,,,,,,,,,1.2026556450619723,0.6920923538866323,-0.5373815932786932
Germany,,,,,6.1217280026405065,2.284544573908317,1.2972544907635457,,,,,,-0.26128008736828223,-0.5756809401016889,-0.4995150074367481
Ghana,,,,,,,,,,0.002433635459549662,-0.33560678586375725,-0.1834913010244007,-0.599320508691589,-0.5925586183626703,-0.6060823990205079
Great Britain,,,,,6.831996962790133,1.2702610245705024,-0.04489959684288169,-0.20050421709196034,-0.2342866211752385,-0.017852035527206635,0.8780713854932138,1.2025880261586832,0.6481671143099759,-0.4506130165780076,-0.2622177361605589
Greece,,,,,-0.6060823990205079,0.04635887503620586,0.3506439398375502,1.2449174596177146,-0.10916460252892568,0.9490982815081768,0.16812699607937506,-0.3491846616442261,-0.2984975317386511,-0.3999258866724325,1.0513921584040598
Guatemala,,,,,-0.6060823990205079,-0.05836928237808792,-0.46072880451007,0.6278273482005883,0.9929694259622016,0.9355204057277078,1.1890642455008456,1.4901036029443089,1.1556755336989404,-0.46072880451007,-0.4708445924421326
Hong Kong,,,,,,,,,,,,,,,
Hungary,,,,,5.377920066459441,-0.17683760094074466,-0.3661164350278387,0.2982528135690877,-0.061777275103862946,-0.5655110570469952,-0.599320508691589,-0.4235113601397012,-0.5790348377048328,-0.5689190497727703,-0.5833624475153407
Iceland,,,,,,,,-0.4962693000788671,-0.5587491667180765,-0.5925586183626703,-0.5655110570469952,-0.5925586183626703,-0.6060823990205079,-0.6060823990205079,-0.6060823990205079
India,,,,,,,,,1.204945027930478,2.3284157183623417,1.6354031023321156,3.633514646966295,2.3115380401013605,0.3540519325633254,1.393093016358754
Indonesia,,,,,,,,,1.6542436607571485,0.7124321199960199,-0.14968184937980689,-0.20047716953064468,0.8307381531907825,0.5669703352403194,-0.4634515923491813
Iran,,,,,0.4082011503173068,-0.2815116632324071,-0.5892047207595266,0.9404971570097921,1.1721865672398644,-0.021314123375613087,0.9354663106050762,0.23569180424593125,-0.3762863180825325,-0.2512183945588511,-0.4107990063213339
Iraq,,,,,,,0.023584828408407508,-0.10746060616603814,0.4486643020455567,1.0674584098255706,0.4453644995650444,-0.06513117270700668,1.0910979784154706,1.9633818308459912,0.5093590296379316
Ireland,,,,,,0.31928229249202505,-0.21400095018848225,-0.5891776731982109,-0.4945382561546639,-0.4945382561546639,-0.5047081392093578,-0.5587491667180765,-0.5587491667180765,-0.5587491667180765,-0.5381028615804445
Israel,,,,,,,,,-0.258405317994159,-0.2984975317386511,0.06669864114559358,0.8543777217806826,0.7056161345444698,0.39462327453683793,-0.3572448349162973
Italy,,,,,3.687447484229751,1.1620166841851705,-0.3728783253567575,6.814956999161257,0.6853304635577135,1.0065473017426705,1.618525424071134,-0.028021918581900552,-0.2207087453947696,-0.4269734479881076,-0.1637646129715018
Japan,,,,,-0.6060823990205079,-0.11928039046098815,-0.05512357502020691,,-0.34047534690057873,0.1579030179020498,-0.038191801636594344,-0.5181778247445639,-0.4337353383170263,-0.5519872763891577,-0.4254046894317984
Jordan,,,,,,,,-0.4201304149752418,0.10039990254492466,-0.2207087453947696,1.7200078741275469,-0.4911302634288888,-0.5756809401016889,-0.5892047207595266,-0.2742989802148938
Kazakhstan,,,,,,,,,,,,,-0.5807253102870624,-0.3491846616442261,-0.6046398624170051
Kosovo,,,,,,,,,,,,,,0.4420106019619006,-0.5498234714839036
Kuwait,,,,,,,,,,-0.2679878825745696,-0.5756809401016889,-0.6060823990205079,-0.5418714884570952,-0.5925586183626703,-0.27502024851664514
Kyrgyzstan,,,,,,,,,,,,,-0.6060823990205079,-0.3694703326309825,0.13772553716055624
Latvia,,,,,-0.6060823990205079,-0.4945382561546639,-0.6060823990205079,,,,,,-0.5722729473759139,-0.5283477077992577,-0.6060823990205079
Lebanon,,,,,,,,0.12082081133825935,0.7866506282462321,-0.0855250339390257,1.2973085858861773,1.5813079797007654,-0.06523936295226941,-0.07535515088433184,0.634499079991788
Libya,,,,,,,,,-0.4757131534789541,-0.4201574625365575,-0.3558924568505135,-0.5892047207595266,-0.4877763658257451,-0.6060823990205079,0.8712554000416638
Lithuania,,,,,-0.6060823990205079,-0.29508953901287605,-0.46072880451007,,,,,,-0.4581998575270544,-0.5722729473759139,-0.6060823990205079
Luxembourg,,,,,-0.6060823990205079,-0.6060823990205079,-0.6060823990205079,-0.5384634957313201,-0.5925586183626703,-0.6060823990205079,-0.5925586183626703,-0.5925586183626703,-0.6060823990205079,-0.6060823990205079,-0.6060823990205079
Macedonia,,,,,,,,,,,,,-0.5765329382831328,-0.2883276486839573,-0.5498234714839036
Malaysia,,,,,,,,,,0.1183285717598864,0.5197452931831507,-0.3626543471794323,-0.5283477077992577,-0.5553952691149328,-0.5027607147946291
Mali,,,,,,,,,,-0.4032256891529449,-0.3964637988240261,-0.4168035649334138,-0.23758642365575086,-0.6060823990205079,0.8815334733416204
Malta,,,,,,,,,,-0.6060823990205079,-0.5756809401016889,-0.5008974383484381,-0.6060823990205079,-0.6060823990205079,-0.6060823990205079
Mexico,,,,,5.107444453302692,3.95467739002862,1.3074784689408712,-0.09907586215817887,-0.0956949169937195,0.16131101062782485,0.00578753306269327,-0.4980003440030703,2.3217079231560542,0.3367354827521121,-0.12157041731904872
Moldova,,,,,,,,,,,,,-0.19191661637423352,-0.4303273455912513,-0.6060823990205079
Morocco,,,,,,,,,,-0.17002161548919453,-0.2646339849714259,-0.25302156531322945,-0.10570251468051926,-0.2544641019167321,-0.4243227869791714
Netherlands,,,,,-0.4708445924421326,-0.6060823990205079,-0.5317016054024014,-0.6060823990205079,-0.5486333787860139,-0.5418714884570952,-0.4911843585515202,-0.4810144754968264,-0.5925586183626703,-0.5621571594438515,-0.43694498225981976
New Zealand,,,,,-0.6060823990205079,-0.6060823990205079,-0.5722729473759139,-0.5891776731982109,-0.6060823990205079,-0.5892047207595266,-0.5655110570469952,-0.5621571594438515,-0.5756809401016889,-0.6060823990205079,-0.6060823990205079
Nigeria,,,,,,,,,,0.31678039307032513,0.08693021700971844,-0.13621216384460072,0.4588341851002505,0.6007797868849132,5.338069992787682
North Ireland,,,,,,,,,,,,,,,
Norway,,,,,-0.6060823990205079,-0.5790348377048328,-0.5215858174703389,-0.5722729473759139,-0.5249397150734827,-0.5790348377048328,-0.5655110570469952,-0.5925586183626703,-0.5857967280337515,-0.5925586183626703,-0.6060823990205079
Pakistan,,,,,,,,,0.5481529604392712,0.0936380122160059,1.919402496146704,0.5465764740083005,0.2593313728358313,0.022611116201043228,2.6567550810270943
Palestine,,,,,,,,,,,,,,,
Peru,,,,,0.5769779329271192,-0.5249397150734827,0.9523980839886891,0.3911611866884315,-0.12604228078990692,-0.048253494446025426,0.06664454602296215,0.7427253886695759,1.675974444305628,0.9625679670433828,-0.5245790809226071
Philippines,,,,,,,,0.7546804107711043,0.4588882802228819,-0.14968184937980689,1.8753690663247844,2.84242757360543,1.1587168817046585,1.9498580501881533,0.3681707595701077
Poland,,,,,1.5912614822649336,0.2255760163138689,0.00603396639912508,1.6928250750052936,0.03618899198151206,-0.3931639963435137,-0.3593004495762886,0.3844533914821441,-0.4539669141811513,-0.5722729473759139,-0.5271035199787366
Portugal,,,,,0.5434389568956821,0.7868129136141263,-0.06518526782963804,0.03629718222677479,-0.3931099012208824,-0.06859326055541308,1.2905466955572586,-0.5013001464835827,-0.5892047207595266,-0.599320508691589,-0.3123458831322767
Puerto Rico,,,,,,,,,,,,,,,
Qatar,,,,,,,,,,,-0.6060823990205079,-0.6060823990205079,-0.5046540440867263,-0.6060823990205079,-0.6060823990205079
Romania,,,,,0.5769779329271192,-0.13962015657037585,0.08687612188708714,0.5434389568956821,-0.25451819703936346,-0.6060823990205079,-0.5553952691149328,-0.4573749069069264,-0.1328041711188257,-0.599320508691589,0.115185902730827
Russia,,,,,11.294844579876518,1.8449135122833344,0.02607320404944956,-0.4032256891529449,-0.2038310671337884,-0.4202115576591888,-0.3965178939466575,0.1883585719434999,1.0804833132413636,0.5365688763215007,2.2162404657324646
Rwanda,,,,,,,,,,-0.6060823990205079,-0.5046540440867263,-0.5046540440867263,0.6414052239810571,-0.3829400181661886,-0.26762724842369395
Saudi Arabia,,,,,-0.6060823990205079,-0.3220830052059197,-0.5418714884570952,-0.6060823990205079,-0.5080620368125014,-0.2882735535613259,-0.5723270424985453,-0.5723270424985453,-0.599320508691589,-0.599320508691589,-0.4564192264071058
Serbia and Montenegro,,,,,,,,,,,,,,-0.6060823990205079,-0.6046398624170051
Singapore,,,,,,,,,,-0.5498234714839036,-0.4437970311264575,-0.6060823990205079,-0.6060823990205079,-0.6060823990205079,-0.5835427645907786
Slovakia,,,,,,,,,,,,,-0.5867627123664542,-0.5519872763891577,-0.6057217648696321
Slovenia,,,,,,,,,,,,,-0.6060823990205079,-0.6060823990205079,-0.5835427645907786
South Africa,,,,,-0.6060823990205079,-0.4201574625365575,-0.457320811784295,-0.1750795094552258,0.1376173469152935,0.12073966865431225,0.8848332758221326,1.895708832434172,0.2423995994522187,-0.5655110570469952,-0.2551853702184834
South Korea,,,,,,,,,-0.3308927823201682,0.5433307666504195,0.6752687707482822,1.033540767935714,-0.0009202621435940696,-0.4843683730999701,-0.5604621789347359
Spain,,,,,-0.4373056164106955,0.012495328268980735,2.308184142498217,1.0167712799199955,-0.19701508168223825,0.509575410128457,1.8212739436934344,0.5467387593761944,-0.3187832027254073,0.7327177909827762,0.5910426648112702
Sweden,,,,,-0.6060823990205079,-0.5925586183626703,-0.5655110570469952,-0.6060823990205079,-0.4472050238522325,-0.5723270424985453,-0.5722729473759139,-0.5553952691149328,-0.5925586183626703,-0.5655110570469952,-0.6060823990205079
Switzerland,,,,,-0.4373056164106955,-0.5892047207595266,-0.5892047207595266,-0.6060823990205079,-0.5249397150734827,-0.6060823990205079,-0.5384634957313201,-0.5621571594438515,-0.5925586183626703,-0.5925586183626703,-0.60590208194507
Taiwan,,,,,,,,,,-0.5159238613015911,-0.33906887371216365,-0.5587491667180765,-0.4844224682226014,-0.5215858174703389,-0.6060823990205079
Tanzania,,,,,,,,,,-0.3806860547232157,-0.5756809401016889,-0.5046540440867263,-0.5824428304306077,-0.5182860149898266,-0.5491022031821524
Thailand,,,,,-0.6060823990205079,-0.6060823990205079,-0.33560678586375725,0.4502601081631815,0.17829687913406886,-0.227416540601057,0.9896696234816892,0.28307913167099397,-0.3390147785895323,0.1477872299699873,-0.03141187960013181
Trinidad and Tobago,,,,,,,,,,-0.6060823990205079,-0.2477022115878133,-0.5790348377048328,-0.4505589214553762,-0.5621571594438515,-0.6055414477941943
Tunisia,,,,,,,,,,-0.5723270424985453,-0.4437970311264575,-0.4201574625365575,-0.5925586183626703,-0.6060823990205079,-0.2748399314412073
Turkey,,,,,-0.6060823990205079,-0.0077362475951442584,-0.15979763731186938,-0.3188372978480387,-0.4742525851679076,0.16125691550519355,0.8780172903705825,0.005841628185324695,1.7672870113073469,-0.061777275103862946,1.2163822824296773
Uganda,,,,,,,,,,-0.5498234714839036,0.19176656466927505,0.7766971256820637,0.17153498880515006,0.22216802358809373,0.05315682878021227
Ukraine,,,,,,,,,,,,,-0.36955147531492943,-0.4539669141811513,-0.4926629585701104
United States,,,,,1.3207858691081829,-0.20042307440801327,0.8747715830127015,0.1292055553461186,0.2423995994522187,4.610688942179004,0.1781886888888061,-0.4945382561546639,-0.43027325046862,-0.4708445924421326,0.697429739319592
Uruguay,,,,,-0.6060823990205079,-0.6060823990205079,-0.2308786284494634,-0.2848926083968665,-0.5384634957313201,-0.05501538477494417,0.15454912029890608,-0.433681243194395,-0.2882735535613259,-0.5722729473759139,-0.6060823990205079
Uzbekistan,,,,,,,,,,,,,-0.5469158586424686,-0.1192262953383568,-0.6060823990205079
Venezuela,,,,,-0.6060823990205079,-0.20377697201115696,-0.2173007526689945,1.6337261535305434,0.5771402182950133,1.2702069294478708,-0.27144997042297603,-0.4269734479881076,0.1883585719434999,-0.0855250339390257,-0.4708445924421326
Viet Nam,,,,,,,,,,,-0.06513117270700668,-0.4370351407975387,-0.5857967280337515,-0.6060823990205079,-0.6053611307187565
Yemen,,,,,,-0.6060823990205079,-0.6060823990205079,-0.3103173160336011,-0.4235113601397012,-0.5216940077156016,,,-0.4742525851679076,-0.25451819703936346,0.8023742772244112
Zambia,,,,,,,,,,-0.1217507343944864,-0.5925586183626703,-0.4539669141811513,-0.3221911954511825,-0.5621571594438515,-0.6060823990205079
Zimbabwe,,,,,,,,,,,,0.18495057921772487,-0.5114700295382765,-0.3965719890692889,-0.6057217648696321
