,1870.0,1880.0,1890.0,1900.0,1910.0,1920.0,1930.0,1940.0,1950.0,1960.0,1970.0,1980.0,1990.0,2000.0,2010.0
Albania,-0.6648250119362392,,-0.648546363682786,-0.6391716064295249,-0.6272896466551348,-0.6133001833121985,,,-0.5876613123127808,-0.5343269375219183,-0.4749898111868146,-0.4533115934462537,-0.3931823364580705,-0.22390619638169934,0.037181312212262646
Algeria,,,,,,,,,,,-0.08724549084200248,0.09269897764342327,-0.17706147913049575,0.021567098578145292,0.23301303543037602
Andorra,,,,,,,,,,,,,,,
Argentina,-0.5088091874160334,-0.4386026719870843,-0.346657378368991,-0.3084606930025115,-0.2862519657422449,-0.22389166187433013,-0.2273218056134812,-0.14099409909361624,-0.09173665361911142,0.01643641747678791,0.27419137116367814,0.2377024904130893,0.36790987468082403,0.378781686193049,0.6929575211313818
Armenia,,,,,,,,,,,-0.241725502416442,-0.23634046743612214,-0.44451821648638307,-0.3367085080747158,-0.06544269160928956
Australia,-0.34079997189916944,-0.2650315849830897,-0.30080827487258327,-0.23510503430973295,-0.11707029996377426,0.009750544086917149,0.018289567166371725,0.23627810869089957,0.3067850039392984,0.5100864257671643,0.8230797747110199,1.0613657557767535,1.4879172107968288,2.1813367556098,2.5415184590841564
Austria,-0.5559542844859601,-0.5361001474195176,-0.503920748103922,-0.4702733635447551,-0.4829183849553059,-0.46399445636049746,-0.4498596479438684,-0.4339080261068055,-0.2561946045025648,0.04897191222293124,0.45175944769422594,0.7022544149501585,1.3633201463809046,2.02930580854162,2.4322293454840698
Azerbaijan,,,,,,,,,,,-0.07181711126950717,0.03823091127702987,-0.3325080354449928,-0.30096815445364544,0.4154003393319013
Bahrain,,,,,,,,,,,0.6173583574061683,0.36928338562722146,0.49013054714913673,1.700738734951576,2.099295690614883
Bangladesh,,,,,,,,,-0.6325802073375543,-0.6189250376641117,-0.6284378727373082,-0.6269771547466952,-0.6093540645614378,-0.594238176897382,-0.5058901738539133
Belarus,,,,,,,,,,,-0.033009976593517634,0.16562586836880797,-0.03180361248186708,0.07440730011917895,0.6384738820795598
Belgium,-0.4469745482310654,-0.388662104666223,-0.3227553810002028,-0.25177611426230223,-0.2743990749825935,-0.30093908543890685,-0.31243588076801077,-0.3121960613964177,-0.12167773879983734,0.145110411217063,0.6391455839527254,0.7837857340381597,1.2424221140759295,1.8347686946646995,2.126495982971172
Bosnia,,,,,,,,,-0.66098245155063,-0.6289320459878639,-0.5864694827084994,-0.5470664332303693,-0.4643432845388137,-0.21959671494670657,-0.01134317882251339
Brazil,-0.6575359564906884,-0.6595417185076495,-0.6643817094615486,-0.6652610471573903,-0.6597742706254855,-0.6453342375541015,-0.6382922687336832,-0.6199715221947001,-0.5823198808545688,-0.5231280995938847,-0.39152540261797203,-0.3207859552516648,-0.17057182159011003,-0.04132371480874826,0.3418868774141799
Bulgaria,-0.6045794788913547,,-0.5764552071310625,-0.5737663232684717,-0.5664263970469828,-0.5636025498992895,-0.5379823661245666,-0.5309743111549189,-0.4368948673711935,-0.22953105073361235,0.009089224001614665,0.12535074844852087,-0.04536430785740937,0.11887562541550471,0.4658350799033183
Burkina Faso,,,,,,,,,-0.605916653568602,-0.5781848135080073,-0.5917963796593422,-0.5992525819397851,-0.615262341807052,-0.6185834767409335,-0.6066246917130981
Canada,-0.4980996779025234,-0.45956869886800383,-0.4258777107852758,-0.3170578541114432,-0.2106943291830198,-0.18132735704338057,-0.1945246897346909,0.11996571346820098,0.23903239783737892,0.4516141026205333,0.897983358438627,1.241135810173748,1.5588238049978824,2.1699344345785967,2.348863563911559
Chile,-0.6055096873622621,-0.569849273530996,-0.5388108330453426,-0.5145527402445534,-0.47254074669509016,-0.4597576474623512,-0.4736163002396905,-0.4182325599090322,-0.3606831779803505,-0.28500199810848637,-0.2428155904691384,-0.23382599766123593,0.010433665933273452,0.2509506938801921,0.7732399107636841
China,-0.6580664660094492,-0.6574124131781948,-0.6537787863356557,-0.6515986102303357,-0.6514290409778637,-0.6436046311770112,-0.6425952903878329,,-0.6395422363674416,-0.6378998370347124,-0.6097682980207357,-0.5562013711126914,-0.4835215670125846,-0.2702640076360321,0.09161304231023273
Colombia,-0.6429941818672832,-0.6398619955295658,-0.6419549645906701,-0.643154061448418,-0.623772295871768,-0.5834826414441115,-0.5468847518875266,-0.5174814434801909,-0.4792702236056153,-0.44789022219605706,-0.3106554036152735,-0.2357227508729275,-0.19408865451361237,-0.1354709862932882,0.17206154059922205
Croatia,,,,,,,,,-0.40706460780915826,-0.16399495700550884,0.2103412802904116,0.4665628434498422,0.15940509921475426,0.5124846194830965,0.7662322018555698
Cyprus (G),,,,,,,,,-0.3813657819668424,-0.2380846083204363,-0.013548271226045804,0.4597388922399631,0.8054712190331319,1.1876052195326734,1.2329767606420141
Cyprus (T),,,,,,,,,,,,,,,
Czech Rep.,,,,,,,,,,,0.3919790188843591,0.6300760513542918,0.6388621610590245,0.9714988967124679,1.3386114838531218
Denmark,-0.5090950327281138,-0.4825768240321277,-0.43386442258469765,-0.36466563299953436,-0.32330042502655093,-0.28861382318975365,-0.1968938144358843,-0.1864871071594766,0.030607562161840293,0.37385448819486133,0.7610101609904909,0.9216237346747681,1.3649552784599495,2.061041905382452,2.491550899119211
Dominican Rep.,,,,,,,,,-0.5781121409718877,-0.5617826219424966,-0.4592489397051529,-0.3688225021071498,-0.26673938959898047,-0.06995669432623866,0.1943823911989374
Ecuador,-0.6672958781892355,-0.6672958781892355,-0.6593018991359111,-0.6405887208983208,-0.621170619052666,-0.6063672232977766,-0.5979372090228648,-0.5728579165564378,-0.5178956769402155,-0.4808036141345284,-0.37658392904234766,-0.3314760854217734,-0.35274733695672117,-0.20932808549030713,0.04324427814137336
Egypt,-0.6293608139552578,,,,-0.5960041195427501,,,,-0.5991944439095813,-0.574216892995466,-0.525191999640323,-0.41365419008770765,-0.35930239978026846,-0.2502427237348427,0.07234443825080032
El Salvador,,,,,,-0.6470347749160897,-0.6474998791521975,-0.6290483220468183,-0.605916653568602,-0.5732358137480393,-0.5226411935970137,-0.5166965800822496,-0.4206307536249641,-0.2626987965503196,-0.14231985380130713
Estonia,,,,,,,,,,,-0.11970831305129939,0.0015748836916946135,-0.03239226003032307,0.4818386106949602,1.0290783858339476
Ethiopia,,,,,,,,,-0.6615765495393494,-0.6481175957154648,-0.6366353348935847,-0.6374274655452107,-0.6578048448771655,-0.658117336785169,-0.6128849116733875
Finland,-0.6192375295725512,-0.6152986780754751,-0.5964474220167865,-0.575270644780466,-0.5676472956652762,-0.5318124677463054,-0.4649973373697049,-0.3996865285058252,-0.23369518709491238,0.04375402407735801,0.4804650997485624,0.8143081995136566,1.099082802400047,1.8974778267094767,2.064298673203964
France,-0.5218054594218263,-0.49132659746916346,-0.4425342562304757,-0.39409074316865084,-0.37994866749833694,-0.344644349098345,-0.3232204852360199,-0.3780446470329608,-0.10754293038320821,0.2206317115078649,0.7183368473542717,0.9010719412546001,1.1804978454290929,1.7277801859048627,2.0136251514317456
Georgia,,,,,,,,,,,-0.05452104750005866,0.18368499377514377,-0.3612936272898605,-0.32191964682646895,-0.021050153386896062
Germany,-0.5146544817968652,-0.48534564768670296,-0.4241117681399078,-0.3600145906413634,-0.37122069582308165,-0.4064450744325426,-0.3056846020949782,-0.26060582748914257,-0.11470844251626544,0.25835602538484254,0.6750385499011735,0.9255553189181597,1.3842280352170864,1.9910800541676683,2.5209417493760227
Ghana,-0.6466568777244155,,,,-0.5952047216381662,,,,-0.5393776788312912,-0.5271323563726691,-0.5442830750691514,-0.5902484546245135,-0.57644067262442,-0.5406131119584071,-0.4597638765394296
Great Britain,-0.4284139823212159,-0.3943087607791901,-0.34369233886565703,-0.29803218396504993,-0.24435624825028254,-0.2423868225017446,-0.15307227471749163,-0.011041068704844254,0.04613768328592082,0.2710882538403359,0.54419164730919,0.8264590476743786,1.2399367133157821,1.9330946370251754,1.9835491029869927
Greece,-0.5909751799929777,-0.5689263323130465,-0.5776107004669206,-0.5627418994281427,-0.573337555300351,-0.508440979896496,-0.4681513254688396,-0.5543336869157384,-0.4575920058643277,-0.26515512829572846,0.08180536437014459,0.27196032428249284,0.6598427224465866,1.2158603018585623,1.0926876191575614
Guatemala,,,,,,-0.6042960559969268,-0.574900014842549,-0.5511360952944958,-0.5608742152311895,-0.537524529143161,-0.4749171386499681,-0.4540891895905103,-0.4119536527255013,-0.3164982755777259,-0.2205777941941332
Hong Kong,-0.6228929581751995,,,,-0.54447929091791,,,,-0.406619488520974,-0.22235100409318598,0.18569075579210526,0.7056482224208863,1.6524769032391333,2.6119215364466535,2.6836970865556853
Hungary,-0.6552322370728748,,-0.6351746169029716,-0.6241283913023155,-0.6048338327703171,-0.5984853675855721,-0.5656706026623267,-0.549919349391348,-0.4657385972455384,-0.29305411519107005,-0.12132891062297456,0.12716029461599676,0.1876383797795894,0.563980379092471,0.8899312413560438
Iceland,,,,,,,,,0.017170410098936745,0.31346361007548484,0.8444309660364989,1.3664014619286586,1.519943997777779,1.9573163935488203,2.1172146618378247
India,-0.6488370538300263,-0.6399467801561289,-0.6347531161892623,-0.6229583634590881,-0.6128496135837508,-0.607537251141004,-0.6034893908379315,-0.6052698679913956,-0.6110473346699594,-0.6171808967797975,-0.6211342827842428,-0.63287089748494,-0.5992017111639926,-0.5092258432937107,-0.3382865403030696
Indonesia,-0.6557409448307997,-0.6390117268484627,-0.638619295149492,-0.6347894524576856,-0.6217083958260563,-0.6100444536607521,-0.607297431768684,-0.607098793501546,-0.614164986500671,-0.619281133094659,-0.573948004609861,-0.5228083404303069,-0.43244730811619236,-0.3986618457362907,-0.03687200283714849
Iran,-0.6460028248930885,,,,-0.6237650286180834,,,,-0.5291817219131916,-0.41238968794657993,-0.13147399676673485,-0.3005539209936207,-0.2819206825461983,0.24592175433041996,0.46202496261644643
Iraq,-0.6460028248930885,,,,-0.6237650286180834,,,,-0.3865473338439921,-0.18677053005317762,0.19020372033026792,0.17137426603336,-0.4808472176559096,-0.3596730297181852,0.1852048879732938
Ireland,-0.5392468682656943,,,,-0.44542662319550996,-0.4561660091963093,-0.4239010177830531,-0.4079566631989481,-0.3352550573377874,-0.2023878582214738,0.018493050269541855,0.26602297802214003,1.04824109562229,2.8301353628426718,2.972570420512945
Israel,,,,,,,,,-0.3362434038388988,-0.058736054637151036,0.3915575181706498,0.63519219794828,1.054730753162675,1.3666558158148878,1.5178115779139998
Italy,-0.602653656663471,-0.5840131509630905,-0.5696893939506606,-0.5396247654580225,-0.5270960201042458,-0.5275393225797357,-0.5118420546201818,-0.5141603085470362,-0.3387724081211542,-0.023373598207682034,0.3956707837561575,0.8112268839513687,1.3218822658638074,1.7460936651901604,1.8137860569064843
Japan,-0.6373329912473104,-0.6275221987730434,-0.6084383905978996,-0.5933225029331171,-0.567291200234002,-0.5313764325259537,-0.5012100624810037,-0.5023437540543545,-0.4543144744547343,-0.13746221380288023,0.4438308739242814,0.7923320243712987,1.5087451598497457,1.783643564985974,1.8737201362217868
Jordan,-0.6348839267555859,,,,-0.6015999048799247,,,,-0.5492248075739814,-0.4724535396494209,-0.4825622895269386,-0.36116281672353684,-0.4429048861683925,-0.2645882825083265,0.13009834146071136
Kazakhstan,,,,,,,,,,,0.12926779818454312,0.09801134008689681,-0.16803555005416995,0.04120321803404867,0.8919349270168854
Kosovo,,,,,,,,,,,,,,,
Kuwait,,,,,,,,,,,6.006562318911028,2.4080460015558978,1.8630746477518465,3.7441596605211767,4.525343751734722
Kyrgyzstan,,,,,,,,,,,-0.21738020257289056,-0.2375904350698807,-0.43549228741005747,-0.5333095220060684,-0.36391918222831576
Latvia,,,,,,,,,,,0.07905107522366527,0.2031539663963004,-0.02309017531398109,0.33347762672298903,0.7811093083260917
Lebanon,-0.6071230176802527,,,,-0.5516011995295861,,,,-0.06764570765452241,0.046580985760683966,0.07120970849793636,-0.09324824238551702,-0.006077534438233535,0.22606035001029262,0.348510460062335
Libya,,,,,,,,,-0.4289880953623027,0.5309216420810334,1.8441434519033533,1.3658418834094754,1.0143538916908028,1.1450336474480394,0.46828518257310253
Lithuania,,,,,,,,,,,0.041770063821450695,0.14396945238857406,-0.05082928262826037,0.3653372668764606,0.951516025435821
Luxembourg,,,,,,,,,0.362343158358388,0.6336878764355592,1.0238013214808377,1.1828960391450254,2.538028100959409,3.4289497991962383,3.75358217398691
Macedonia,,,,,,,,,-0.5398736688952681,-0.4104929347348883,-0.20852868758499654,-0.08006544420157596,-0.196653995064291,-0.061483076529946036,0.19781876401371326
Malaysia,-0.6303055569342613,,,,-0.5947686864163608,-0.5591882123770794,-0.5301700684128495,-0.5474709770190567,-0.529835774743356,-0.4947058704325223,-0.3474349745132478,-0.1866324522331693,0.049902120694565455,0.33399360173459886,0.7875148733564408
Mali,,,,,,,,,-0.6233943986801666,-0.6362501704482987,-0.6579065864283872,-0.6645343217889988,-0.6560461694853367,-0.6289611150033293,-0.6023058666661213
Malta,,,,,,,,,-0.5725381573950403,-0.5182009015942438,-0.2904088348498603,0.035948993620052265,0.39616495700671306,0.9179392370566549,1.114281744388812
Mexico,-0.6553049096094304,,-0.6140995812182358,-0.6000737816061497,-0.5943762547166634,-0.5713753968054976,-0.5870363284959016,-0.5497625843480984,-0.4990444208829804,-0.3879644483124974,-0.12604535826430735,0.034292059779953976,0.0044817851655515285,0.20629341998806572,0.3997238349560686
Moldova,,,,,,,,,,,-0.44266506679679934,-0.40090742712484506,-0.5235714020686478,-0.5169436667068007,-0.3366150719556019
Morocco,-0.6364100500293608,,,,-0.6164977749334412,,,,-0.5173797019286059,-0.5206645005940642,-0.46266454893620784,-0.3917870237506192,-0.34848145904383626,-0.354680426436836,-0.18196791354641548
Netherlands,-0.4941971626753241,-0.444946984453777,-0.41007870127486357,-0.362725276265735,-0.3437214078803955,-0.3195505221252755,-0.3208804295495651,-0.3504581520460588,-0.07226768099795497,0.23655426433091606,0.8035090605382784,0.9504456627880595,1.4171850306842058,2.389790660314611,2.697670977198658
New Zealand,-0.3451021860804776,-0.3469408012626921,-0.32827122654684626,-0.23834622945308348,-0.19167592629031113,-0.1984635412317669,-0.18120381373074168,-0.01673859559360366,0.14088813682628587,0.32820160054793907,0.4767151968472873,0.5862763133969531,0.87934285273752,1.2803717128171308,1.654041439130184
Nigeria,,,,,,,,,-0.5743695053235702,-0.5112824760879179,-0.2748932482331491,-0.34764572487010237,-0.47503341470892246,-0.46755541066597217,-0.3247902120319026
North Ireland,,,,,,,,,,,,,,,
Norway,-0.5434473408954176,-0.5156936990730422,-0.4662109687350401,-0.4142210358751098,-0.35364120915993214,-0.3758862726886221,-0.32088769680324974,-0.2609546556660054,-0.031316706484996015,0.20382982098897218,0.676324853803355,1.2549435921745684,1.8217312415471842,4.0188545825179,4.929538019893925
Pakistan,,,,,,,,,-0.6324493967712308,-0.617333509107175,-0.5916437673319647,-0.5533598749219963,-0.5282878497085272,-0.48567994135546977,-0.369805657712876
Palestine,,,,,,,,,,,,,,,
Peru,-0.6462935150404014,-0.6780877499107838,-0.6755078748526632,-0.6579865262188455,-0.6420276371275165,-0.6138524945922313,-0.6000737816061497,-0.5864694827084994,-0.546361509622959,-0.4931288763822281,-0.4456664425692833,-0.431764186269836,-0.4103039861390875,-0.2572846925552611,0.05919070908159785
Philippines,-0.6571217230305911,,,-0.6472200898854841,-0.6222389053443085,-0.5940855645700045,-0.5897615486276424,-0.6228784236692837,-0.5990418315829305,-0.5704597228419594,-0.5256571038746867,-0.49043999251963727,-0.40511516700825306,-0.3921939899569592,-0.2520865298124425
Poland,-0.6137507530399195,-0.5931698906057395,-0.5733811588224589,-0.5546534460778626,-0.5527276238514324,-0.5151195860334089,-0.547055128612477,,-0.4553464244750465,-0.3624418533720339,-0.21595582085070075,-0.19124715832291725,0.006073313722488224,0.3911941554864177,0.9968636884279886
Portugal,-0.6200005912094387,-0.6120429484247554,-0.6028062689915752,-0.5917309743769072,-0.5946088068352987,-0.5735119693887823,-0.5504602407010973,-0.5324229170558153,-0.4764723309384817,-0.333779804839805,-0.06321995016057544,0.07231433105800197,0.5139744064884479,0.9489849447974461,1.1978655435573282
Puerto Rico,,,,,,,,,-0.28794523585076653,0.0245466725888487,0.44372913237269623,0.6875236917313887,1.241179413695856,1.7933235469011848,1.8006115641542868
Qatar,,,,,,,,,,,12.944851653440551,4.6520649305899475,1.514660704356312,6.567625794810152,9.68522883107292
Romania,-0.6751445121683585,-0.6681606813776353,-0.6625430942791889,-0.6603992544425827,-0.6501596940004858,-0.6622088006098406,-0.6562859888568572,-0.6576142813357543,-0.6113016885489219,-0.5299665853104062,-0.3542153222010189,-0.22843369542723155,-0.23527944839816448,0.09353471181715717,0.639532824754131
Russia,,,,,,,,,,0.04233690960885288,0.4456622218528114,0.6275906505941443,0.17140333504809857,0.253109068224531,0.9595826770257737
Rwanda,,,,,,,,,-0.6641200883287562,-0.6598832794306825,-0.6444476326047931,-0.6348475904871627,-0.6613003938991877,-0.6414971276089011,-0.5996066010120331
Saudi Arabia,-0.6548688743882793,,,,-0.6460028248930885,,,,-0.30652760352239666,0.10074382747232231,1.1128106446103354,0.9580036066200873,0.5504414854779827,1.2740274003431713,2.6922101551327793
Serbia and Montenegro,,,,,,,,,-0.5646822561626688,-0.4353978131121571,-0.25108572516226135,-0.11874176831124184,-0.3018838284179103,-0.03448522909150005,0.23948089120970772
Singapore,-0.6420785079030183,,,-0.6011275333911495,-0.6032859077347615,-0.5813969396366192,-0.5546171098087127,,-0.5615282680628073,-0.49936418004510447,-0.24121679465851714,0.12080144764193473,0.8028332059456066,2.610439016680451,3.9441503291957583
Slovakia,,,,,,,,,,,,0.3813978975195199,0.2282768623841086,0.5485083959978679,1.047339956165394
Slovenia,,,,,,,,,-0.375297625140166,-0.08355372597020433,0.4050382737556614,0.6689267895523894,0.5840452665157683,1.0376599742574504,1.2396314886610265
South Africa,-0.551499457978001,-0.5470882349921501,-0.5227792714155683,-0.4900184918066548,-0.5375753999182267,-0.49847757509485147,-0.4593652157641071,-0.36829199258817086,-0.31017576487208703,-0.22962552503151284,-0.11442501962256442,-0.10318257817242289,-0.14563060694441818,0.014561466026150414,0.1495849631306834
South Korea,-0.6777607234948296,,,,-0.6544570633459801,-0.6471074474532267,-0.6380015785862975,-0.622674940565387,-0.6148408410933427,-0.581055378713441,-0.3779283709740065,-0.13665554864388485,0.5626359371608124,1.2907929546009078,1.7412173379750326
Spain,-0.4753168376026236,-0.4507026493734671,-0.4449905879758848,-0.42184438499029936,-0.400180701756381,-0.33220281079023767,-0.37159859301468307,-0.3962418502593048,-0.3425804490519067,-0.18339852434350365,0.10055487887652155,0.2288219064104566,0.7526382847457828,1.4597493355151552,1.6129814558192228
Sweden,-0.5680179256024661,-0.5454240338976403,-0.5004760698574015,-0.42845031858963917,-0.3736988293295447,-0.37582813465914483,-0.30245794145899707,-0.20916093865556035,0.015615217810423508,0.32505487970248903,0.7054810755861396,0.9533089607398083,1.337136231340604,2.0937518142170264,2.391335470822529
Switzerland,-0.488317954442995,-0.430485149621339,-0.38402559681542126,-0.3339396844208671,-0.3281912867563152,-0.3430310187803545,-0.2693410664180825,-0.16220721259908696,0.1268332682001879,0.5883474806970762,1.1046131824540595,1.485715232930382,2.046456527230108,2.7025587243942435,3.649172502114328
Taiwan,-0.6467295502614798,,,-0.6343671442714254,-0.6200514619852312,-0.5885479172623072,-0.5681269344084625,-0.576019171909984,-0.5845727294975346,-0.5005923459170825,-0.23303386700960999,0.20810296615554177,1.0447964173757693,1.7790433934108627,2.196261618343736
Tanzania,,,,,,,,,-0.615138798494413,-0.5913312754227984,-0.5458091983421995,-0.5870217939885323,-0.6366353348935847,-0.6049428415748599,-0.5475107738831921
Thailand,-0.659011208988816,,-0.6435319586402375,,-0.6385175535979071,-0.6426598881982984,-0.6397529867242963,,-0.6284015364688851,-0.5875813725229764,-0.52014125832877,-0.4266698414369019,-0.21308525564526717,-0.04407800395522773,0.2853787891185213
Trinidad and Tobago,,,,,,,,,-0.2692611266275513,-0.07939685686258888,0.24407587189452076,0.2737335341815454,-0.08410603725023715,0.7544332964058894,1.4491671759722564
Tunisia,-0.6458574798193957,,,,-0.6194773489448712,,,,-0.5861133872772253,-0.5468484156191035,-0.4616689351828656,-0.37937455445725027,-0.1902588118218059,-0.060015091285648074,0.05811100282403229
Turkey,-0.6071956902170991,,,,-0.6124281128700415,-0.6312710634955323,-0.5984241150190092,-0.5909243092171852,-0.525867854232268,-0.44209822100939733,-0.2516743727107172,-0.10603860887048713,0.061638735395262496,0.20879335525558282,0.6588014288135632
Uganda,,,,,,,,,-0.6284742090050047,-0.6179730274314236,-0.6179657601770121,-0.6443967618290732,-0.638822778252662,-0.6152550745533674,-0.577721785629763
Ukraine,,,,,,,,,,,-0.08104652344900264,0.03648677039271572,-0.23170395958532053,-0.2014431152424703,0.022117333502058856
United States,-0.42456233786835557,-0.3458943167321036,-0.311396663491107,-0.19842720496334376,-0.1326803608783856,-0.026949087020526036,-0.05641780071175013,0.3288265843648182,0.510151831050326,0.8115466431134928,1.2270736742939654,1.6516993070948773,2.1683429060434616,2.8007756579276486,2.9985248979622483
Uruguay,-0.4722718583087585,-0.4593870175258878,-0.4650482081469508,-0.4596922421799161,-0.4386462755091921,-0.4301653904592148,-0.3933930868149251,-0.3585175363823272,-0.1989649817360073,-0.20298377302361453,-0.1273752656885968,-0.07005116862413904,0.11016945550130332,0.09519164565725559,0.625974205741975
Uzbekistan,,,,,,,,,,,-0.3263163353056775,-0.3683646651250173,-0.4550993378504955,-0.3908132117568771,-0.10923308595464398
Venezuela,-0.6463371185628728,-0.6335467520776118,-0.6337429679270971,-0.6515622739619852,-0.6478051038067344,-0.6325438710691311,-0.5919417247330351,-0.5137824113547081,-0.3458797822247343,-0.24466147290503748,0.006262262318288851,-0.052050181247280274,-0.18435780182987654,0.041312226839318344,0.5065732277033034
Viet Nam,-0.6630081985153693,,,,-0.6412064374612974,,,,-0.6405523846295342,-0.6322967844438533,-0.635494376065096,-0.6315264555532812,-0.5892746426314981,-0.4847424656316046,-0.33383275197389695
Yemen,,,,,,,,,-0.6338011059565742,-0.6287503646457479,-0.5608233444553972,-0.5150178444803705,-0.510446741914184,-0.4710509596897385,-0.46080205563464016
Zambia,,,,,,,,,-0.6217738011084913,-0.567124053399982,-0.5720221823834307,-0.6002191266798426,-0.6308869372290327,-0.5858881024130014,-0.46759174693439537
Zimbabwe,,,,,,,,,-0.5506637238035406,-0.5164640279650679,-0.4304197443381772,-0.444380138666375,-0.4958395620065997,-0.5758374905678678,-0.591706058077314
