,1870.0,1880.0,1890.0,1900.0,1910.0,1920.0,1930.0,1940.0,1950.0,1960.0,1970.0,1980.0,1990.0,2000.0,2010.0
Albania,,,,,,,,,,,,,,,
Algeria,,,,,,,,,,,,,,,
Andorra,,,,,,,,,,,,,,,
Argentina,,,,,,,1.196404589930203,1.837395661412445,0.6609952343047651,0.37575237591036054,,,0.049256362945534087,0.48093713328760823,
Armenia,,,,,,,,,,,,,,,
Australia,,,,,,-0.2086067739154831,-0.41825054289102803,-0.4216037491971474,-0.699919552638982,-1.0786549033351087,-1.3158498592281473,-1.3050843038770565,-1.068595310712915,-0.7318632046782049,-0.6734469022618129
Austria,,,,,,,,,,,,,,,
Azerbaijan,,,,,,,,,,,,,,,
Bahrain,,,,,,,,,,,,,1.0542283433568522,0.8580799561118247,0.9697673866169039
Bangladesh,,,,,,,,,,,,,,,
Belarus,,,,,,,,,,,,,,,
Belgium,,,,,,,,,,,,,,,
Bosnia,,,,,,,,,,,,,,,
Brazil,,,,,,,,,,,,,,2.67341698711456,2.757656245148319
Bulgaria,,,,,,,,,,,,,,,
Burkina Faso,,,,,,,,,,,,,,,
Canada,,,,,,0.41329068353308696,0.8185869285356201,-0.2218234861849067,-0.44950595740491583,-0.5783571349685835,-0.6890128152958747,-0.5495902022594272,-0.1904910311434574,0.29939219702451886,0.18925280324672764
Chile,,,,,,,,,,,,,1.7532052182380924,1.6011821249886762,1.9023157858444346
China,,,,,,,,,,,-1.0927528634904218,-0.89696490613094,-0.592118662165506,0.17750948059306706,0.2810845462326649
Colombia,,,,,,,,,,,,,1.360058697169088,1.1375143675275543,1.3935676929721497
Croatia,,,,,,,,,,-1.1519890651535336,-1.2986510010283443,,-0.7883766077051272,-0.7407419549517055,-0.7463552169250248
Cyprus (G),,,,,,,,,,,,,,,
Cyprus (T),,,,,,,,,,,,,,,
Czech Rep.,,,,,,,,,,,-1.7440564003121977,-1.7380201385818266,-0.8642616665553965,-0.6161715085555854,-0.553571314099492
Denmark,1.2169575643893253,,,0.6672470423022315,2.152491950004578,0.1256978560446159,0.223837111585601,-0.1630971410412607,-0.6490923890907228,-0.7802288508936566,-0.9614626882884407,-1.2863955043512547,-1.3043093809555915,-1.2043009735349726,-1.082959474535243
Dominican Rep.,,,,,,,,,,,,,,,
Ecuador,,,,,,,,,,,,,,,
Egypt,,,,,,,,,,,,,1.2229017244195166,1.0214346543715354,0.895397952144761
El Salvador,,,,,,,,,,,,,,,
Estonia,,,,,,,,,,,,,,,
Ethiopia,,,,,,,,,,,,,,,
Finland,,,,,,0.20395074411478348,0.07190408287775842,-0.7349101420214722,-0.6453952019444386,-0.5398084896839249,-0.9710497440418657,-1.4738653950904235,-1.0208941384443444,-0.6955956791713236,
France,,,,1.6760255048986377,1.5870493977735596,1.4768175050293646,0.8194672085422323,-0.11414102975588772,-0.29263199401036455,-0.3091629593570446,-0.5873820250318657,-0.7611089753741673,-0.5149295505060911,-0.23134695065396682,-0.2977227231243347
Georgia,,,,,,,,,,,,,,,
Germany,0.6017727000537978,0.7559522085679418,0.9209140165407439,1.0072205482910879,1.2542545105732978,-0.23405264301713502,0.04785711064250187,-0.5217253384885995,-0.4030300572215181,-0.05839923409817369,-0.340463887179171,-0.3557262428144364,-0.48146294671783346,-0.01916212293706777,0.10144674751254325
Ghana,,,,,,,,,,,,,,,
Great Britain,,,,,1.2114056171309668,,0.78166636565575,-0.19076231067625218,-0.5562809137864806,-0.7751214893278697,-1.0835964760126657,-0.8906206899927676,-0.24846749649189342,0.28695571893321675,0.1352720894075704
Greece,,,,,,,,,,,,,,,
Guatemala,,,,,,,,,,,,,,,
Hong Kong,,,,,,,,,,,,,,,
Hungary,,,,,,0.9212654979648829,0.412833756095309,0.47334827149987196,-1.6068372150634804,-1.6844079603769506,-1.7028799867901385,-1.7281878395383983,-0.8970966626244086,-0.5415346658828716,
Iceland,,,,,,,,,,,,,,,
India,,,,,,0.13125274922351127,0.9225548937064013,0.16737012481957145,0.023918125713980644,0.0059449396096274,-0.39066439958526594,-0.5727131241306598,-0.016686067139005122,1.029043963633605,1.5480128988001596
Indonesia,,,,,,0.39569908909912743,1.3277507392450676,,,,,-0.8771307143106002,-0.34741172670584985,-0.16666767615031744,
Iran,,,,,,,,,,,,,0.9647322849851863,0.9647321009120319,0.7437819096123324
Iraq,,,,,,,,,,,,,1.6716840654162821,1.6716840917124467,1.6716839715014074
Ireland,,,,,,,0.3016290195887393,-0.3125364445949634,,,-1.2752966246367399,-1.2561112559201033,-0.9639971604189417,-0.46469787649737454,-0.45586427279767705
Israel,,,,,,,,,,,,,,,
Italy,,,,,,,,,,,-0.9755291865040229,-0.9897068213919897,-0.780352283101766,-0.5516021340201904,
Japan,,0.9959183778666013,0.2050744666045257,0.9162180498677045,0.9699927962590755,1.0708359812612673,1.0236087799955331,-0.21139133110511021,-0.7542414071560009,-0.6333849520380154,-0.47641977324758283,-0.6032590721722707,-0.557443756478871,-0.39324271614897405,-0.3727175512962027
Jordan,,,,,,,,,,,,,1.161627357659073,0.5646166839794858,0.9213121374784513
Kazakhstan,,,,,,,,,,,,,,,
Kosovo,,,,,,,,,,,,,,,
Kuwait,,,,,,,,,,,,,1.4062213953876654,1.3912207099488052,1.309891734845693
Kyrgyzstan,,,,,,,,,,,,,,,
Latvia,,,,,,,,,,,,,,,
Lebanon,,,,,,,,,,,,,1.591383046002253,1.6879438823580237,1.9127522628937794
Libya,,,,,,,,,,,,,,,
Lithuania,,,,,,,,,,,,,,,
Luxembourg,,,,,,,,,,,,,,,
Macedonia,,,,,,,,,,,,,,,
Malaysia,,,,,,,,,-0.42174803043046194,-0.18633998966140292,-0.3211550591444708,-0.7021927311514171,-0.6239494773607586,-0.6436091018250895,-0.5981992301689633
Mali,,,,,,,,,,,,,,,
Malta,,,,,,,,,,,,,,,
Mexico,,,,,,,,,,,,,,,
Moldova,,,,,,,,,,,,,,,
Morocco,,,,,,,,,,,,,,,
Netherlands,,,,,2.097651275858487,0.9673278664813271,0.46293574269321824,0.47634856774121154,-0.19252709601844842,-0.4779904869505179,-0.9942071592457069,-1.1873104384075344,-1.260963224503701,-1.0462072132882567,-1.0906628348845608
New Zealand,,,,,,-0.28029637781108996,-0.5302438553918555,-0.8834019393345256,-0.6993746668040015,-0.9857559555734581,-1.0286584019303604,-1.2316040031512727,-0.5727143538734626,-0.74364051821359,-0.7900324488005372
Nigeria,,,,,,,,,,,,,,,
North Ireland,,,,,,,,,,,,,,,
Norway,1.026141403884096,1.408404095149808,1.3817417483416663,1.2147120653260486,-0.26864861467584494,0.0042438136943555105,0.030127568339474328,-0.6284495400754077,-0.8800609343116955,-1.1145633926531886,-1.2529322299398595,-1.4384503923114074,-1.0017244741100686,-0.5030375636308106,-0.8432801129195309
Pakistan,,,,,,,,,,,,,,,
Palestine,,,,,,,,,,,,,0.24639130158880038,0.41007088826101934,0.6020139838254407
Peru,,,,,,,,,,,,,,,
Philippines,,,,,,,,,,,,,,,
Poland,,,,,,,,,,,,-1.4570732409293554,-0.49252756442657336,-0.11694242092282614,-0.021918942673019953
Portugal,,,,,,,,,,,-1.130541277644534,-1.3361455325957359,-0.7652187287004699,-0.5613205209594618,
Puerto Rico,,,,,,,,,,,,,,,
Qatar,,,,,,,,,,,,,1.0569146272089307,1.5439031454738565,2.6106292909172724
Romania,,,,,,,,,,,,,,,
Russia,,,,0.959236117187301,,-1.5747412755793677,-1.4650579983134735,,-1.3277780650998035,-1.4821177156507648,-1.5321479643888636,-1.4188275127667525,0.028217529099999628,2.025511732402492,1.4045808165981806
Rwanda,,,,,,,,,,,,,,,
Saudi Arabia,,,,,,,,,,,,,1.261837650444955,1.2618376767411201,1.2618376842543104
Serbia and Montenegro,,,,,,,,,,,,,,,
Singapore,,,,,,,,-0.31810418161207815,0.05335635745321968,-0.2897374415313362,-0.3411512393414568,-0.3273965104973637,-0.32809877368332324,0.289825064155564,0.19970055797243938
Slovakia,,,,,,,,,,,,,,,
Slovenia,,,,,,,,,,,,,-1.1125538482743786,-0.9476626170121577,-1.01217449930667
South Africa,,,,,1.5832986592814537,1.347682122220661,1.082984625589735,1.4149894299235166,0.18458447566676292,0.0772843865959833,-0.15726553883331604,-0.32218426123591615,-0.39649886269242207,0.992561115156426,1.0919022797157054
South Korea,,,,,,,1.0496632775812558,0.7893136239900703,,,-0.9501091788472407,-0.9253915747010677,-0.9526162933379523,-0.4591319585630649,-0.0835468137798062
Spain,,,,,,,,,,,,-0.7339418316316605,-0.7082672504486458,-0.39818429535645083,-0.6680347073547517
Sweden,,,,1.3053554753212693,1.532166002065999,0.16573608642165535,0.02160721791111229,-0.5602763211317086,-0.9722348656060785,-1.0398283635320438,-1.268375569313048,-1.413269203248341,-0.9942954067046313,-0.6498192456228209,-0.6537516429642354
Switzerland,,,,,,,-0.38895416778456576,-0.41645040361980773,-0.41076759658485473,-0.30014726059760605,-0.6675876207811943,-0.6504686137101309,-0.6340621801683761,-0.4255157002996186,-0.27220233100485264
Taiwan,,,,,,,,,,,-1.079413817304281,-1.028309549416784,-0.8823651897338839,-0.5119003117172514,-0.23296016240096923
Tanzania,,,,,,,,,,,,,,,
Thailand,,,,,,,,,,,,,,,
Trinidad and Tobago,,,,,,,,,,,,,,,
Tunisia,,,,,,,,,,,,,,,
Turkey,,,,,,,,,,,,,2.567082404391748,1.361580755151058,1.4142346338883995
Uganda,,,,,,,,,,,,,,,
Ukraine,,,,,,,,,,,,,,,
United States,,,,,,,,,,-0.03227938724807769,-0.30747135300646794,-0.019448931247515466,0.525552343367829,1.0590291611344684,1.3136254347843361
Uruguay,,,,,,,,,,,,,,0.2910400410442254,0.31457115840224575
Uzbekistan,,,,,,,,,,,,,,,
Venezuela,,,,,,,,,,,,,,,
Viet Nam,,,,,,,,,,,,,,,
Yemen,,,,,,,,,,,,,0.5566111395147627,0.5566112184032572,0.5566111695675225
Zambia,,,,,,,,,2.253992318996722,,,,,,
Zimbabwe,,,,,,,,3.5617171357986535,2.2671111918055136,1.2200298274102594,1.4648727598700069,0.7226714936642128,,,
